
Epoch: 1
lr_plm: 2e-05
lr_other: 0.001
Checkpoint: loss=0.8083, avg_acc=0.5618, avg_f1=0.3086, global_acc=0.6680, global_f1=0.4976, global_p=0.5253, global_r=0.5295, acc=[0.52, 0.3699, 0.3832, 0.6711, 0.6504, 0.3684, 0.4848, 0.4402, 0.5345, 0.6847, 0.8344, 0.7998], f1=[0.513, 0.2727, 0.2822, 0.2898, 0.2903, 0.1795, 0.2776, 0.3173, 0.3286, 0.3006, 0.3355, 0.316], p=[0.5278, 0.2365, 0.3182, 0.5742, 0.2915, 0.1296, 0.2747, 0.3438, 0.3664, 0.3828, 0.3197, 0.3078], r=[0.5256, 0.3257, 0.3394, 0.3139, 0.3353, 0.2917, 0.3012, 0.3698, 0.3677, 0.3311, 0.3548, 0.3253]
Checkpoint: loss=0.7223, avg_acc=0.6085, avg_f1=0.2897, global_acc=0.7182, global_f1=0.5288, global_p=0.5803, global_r=0.5675, acc=[0.4062, 0.2241, 0.366, 0.8266, 0.6605, 0.6429, 0.6176, 0.5283, 0.6076, 0.6732, 0.8836, 0.8654], f1=[0.2758, 0.184, 0.2426, 0.3017, 0.271, 0.2609, 0.3071, 0.3927, 0.252, 0.3412, 0.3127, 0.3351], p=[0.2785, 0.1694, 0.2309, 0.2755, 0.2695, 0.2143, 0.375, 0.4557, 0.2025, 0.3415, 0.2949, 0.3649], r=[0.2946, 0.2536, 0.2994, 0.3333, 0.3339, 0.3333, 0.3508, 0.4583, 0.3333, 0.373, 0.3329, 0.3461]
Checkpoint: loss=0.6876, avg_acc=0.6268, avg_f1=0.3150, global_acc=0.7332, global_f1=0.5647, global_p=0.6211, global_r=0.5884, acc=[0.5652, 0.4487, 0.3602, 0.7643, 0.6898, 0.3846, 0.6341, 0.5666, 0.6156, 0.7096, 0.8939, 0.8886], f1=[0.3377, 0.2727, 0.3357, 0.2888, 0.3591, 0.1852, 0.2587, 0.4338, 0.2847, 0.3743, 0.3361, 0.3137], p=[0.2939, 0.2774, 0.364, 0.2548, 0.4492, 0.1389, 0.2222, 0.5702, 0.3382, 0.3755, 0.465, 0.2962], r=[0.3968, 0.3463, 0.343, 0.3333, 0.384, 0.2778, 0.3095, 0.4877, 0.3389, 0.3978, 0.3444, 0.3333]
Val: loss=0.6374, avg_acc=0.6298, avg_f1=0.3133, global_acc=0.7522, global_f1=0.5931, global_p=0.6585, global_r=0.6141, acc=[0.4375, 0.5833, 0.5339, 0.7604, 0.6964, 0.2727, 0.5455, 0.5611, 0.6347, 0.7551, 0.8745, 0.902], f1=[0.2029, 0.3173, 0.4082, 0.288, 0.3788, 0.1429, 0.2353, 0.4234, 0.2795, 0.4563, 0.311, 0.3162], p=[0.1458, 0.5248, 0.387, 0.2535, 0.4418, 0.0909, 0.1818, 0.3891, 0.461, 0.4824, 0.2915, 0.3007], r=[0.3333, 0.375, 0.4821, 0.3333, 0.4028, 0.3333, 0.3333, 0.4902, 0.3443, 0.4635, 0.3333, 0.3333]
Test: loss=0.6229, avg_acc=0.6440, avg_f1=0.3118, global_acc=0.7636, global_f1=0.6021, global_p=0.6943, global_r=0.6218, acc=[0.5625, 0.4412, 0.5364, 0.7732, 0.7355, 0.2727, 0.625, 0.594, 0.6593, 0.7464, 0.8962, 0.8854], f1=[0.24, 0.2041, 0.4028, 0.2907, 0.3839, 0.2222, 0.2564, 0.4528, 0.306, 0.3543, 0.3151, 0.3131], p=[0.1875, 0.1515, 0.3603, 0.2577, 0.3951, 0.4, 0.2083, 0.5728, 0.5037, 0.3864, 0.2987, 0.2951], r=[0.3333, 0.3125, 0.4572, 0.3333, 0.4052, 0.4, 0.3333, 0.5083, 0.3547, 0.3745, 0.3333, 0.3333]
Training Time: 1994.56s

Epoch: 2
lr_plm: 2e-05
lr_other: 0.001
Checkpoint: loss=0.6583, avg_acc=0.6303, avg_f1=0.3596, global_acc=0.7445, global_f1=0.6028, global_p=0.6557, global_r=0.6127, acc=[0.5, 0.4308, 0.4743, 0.8255, 0.7096, 0.3636, 0.5833, 0.56, 0.6457, 0.7212, 0.88, 0.87], f1=[0.3544, 0.3413, 0.402, 0.3015, 0.4291, 0.1905, 0.4225, 0.4721, 0.3804, 0.3817, 0.3296, 0.3102], p=[0.3473, 0.4308, 0.4582, 0.2752, 0.547, 0.1667, 0.4226, 0.5246, 0.3953, 0.3779, 0.4051, 0.2903], r=[0.4, 0.3713, 0.4181, 0.3333, 0.4367, 0.2222, 0.4583, 0.4975, 0.3948, 0.4033, 0.3419, 0.3329]
Checkpoint: loss=0.6401, avg_acc=0.6409, avg_f1=0.3581, global_acc=0.7412, global_f1=0.6072, global_p=0.6584, global_r=0.6126, acc=[0.6667, 0.4242, 0.4124, 0.7296, 0.6946, 0.4118, 0.6486, 0.5741, 0.6463, 0.7032, 0.8889, 0.8903], f1=[0.346, 0.3346, 0.391, 0.2812, 0.4648, 0.2652, 0.2623, 0.4789, 0.406, 0.4082, 0.3232, 0.3358], p=[0.3519, 0.4244, 0.4067, 0.2432, 0.5315, 0.265, 0.2353, 0.5207, 0.3941, 0.5418, 0.6296, 0.63], r=[0.3556, 0.3477, 0.3988, 0.3333, 0.4583, 0.2889, 0.2963, 0.5065, 0.4257, 0.4164, 0.3382, 0.3446]
Checkpoint: loss=0.6546, avg_acc=0.6226, avg_f1=0.3726, global_acc=0.7410, global_f1=0.6359, global_p=0.6773, global_r=0.6352, acc=[0.4571, 0.3974, 0.486, 0.7836, 0.7178, 0.5, 0.4286, 0.5707, 0.6479, 0.7215, 0.8896, 0.8705], f1=[0.2433, 0.3524, 0.3729, 0.42, 0.5156, 0.3056, 0.2378, 0.5039, 0.4178, 0.4571, 0.3343, 0.3105], p=[0.2724, 0.4145, 0.494, 0.5988, 0.6253, 0.5, 0.2389, 0.5353, 0.4156, 0.5919, 0.6305, 0.292], r=[0.3016, 0.3623, 0.4109, 0.403, 0.4926, 0.381, 0.3002, 0.5197, 0.4331, 0.443, 0.343, 0.3314]
Val: loss=0.6148, avg_acc=0.6392, avg_f1=0.3748, global_acc=0.7553, global_f1=0.5997, global_p=0.7018, global_r=0.6194, acc=[0.5, 0.3333, 0.4915, 0.7604, 0.7098, 0.4545, 0.6364, 0.5792, 0.6753, 0.7551, 0.8745, 0.9002], f1=[0.367, 0.3057, 0.368, 0.288, 0.5192, 0.3238, 0.4286, 0.4386, 0.3574, 0.4743, 0.311, 0.3158], p=[0.3889, 0.3103, 0.4397, 0.2535, 0.6146, 0.3148, 0.4306, 0.3952, 0.5146, 0.5969, 0.2915, 0.3006], r=[0.4206, 0.3254, 0.4191, 0.3333, 0.5282, 0.3778, 0.4444, 0.5107, 0.3863, 0.5011, 0.3333, 0.3327]
Test: loss=0.6193, avg_acc=0.6092, avg_f1=0.3440, global_acc=0.7553, global_f1=0.5925, global_p=0.6923, global_r=0.6155, acc=[0.4375, 0.2941, 0.4636, 0.7629, 0.7193, 0.4545, 0.375, 0.594, 0.6852, 0.7429, 0.8962, 0.8854], f1=[0.3238, 0.279, 0.3993, 0.2885, 0.4828, 0.3385, 0.1935, 0.4425, 0.3582, 0.3943, 0.3151, 0.3131], p=[0.3576, 0.2918, 0.6039, 0.2569, 0.5276, 0.2778, 0.1875, 0.4004, 0.4998, 0.3714, 0.2987, 0.2951], r=[0.3981, 0.273, 0.4459, 0.3289, 0.5062, 0.4333, 0.2, 0.5079, 0.3837, 0.4224, 0.3333, 0.3333]
Training Time: 1922.08s

Epoch: 3
lr_plm: 2e-05
lr_other: 0.001
Checkpoint: loss=0.5793, avg_acc=0.6773, avg_f1=0.4391, global_acc=0.7675, global_f1=0.6609, global_p=0.6934, global_r=0.6570, acc=[0.5385, 0.4085, 0.5255, 0.8344, 0.7726, 0.4615, 0.8077, 0.5927, 0.6981, 0.7207, 0.8808, 0.8863], f1=[0.3704, 0.3947, 0.429, 0.4152, 0.6055, 0.3072, 0.533, 0.5229, 0.4623, 0.4688, 0.3405, 0.4195], p=[0.3519, 0.4134, 0.5127, 0.6147, 0.6701, 0.3182, 0.5365, 0.5347, 0.7695, 0.5485, 0.439, 0.686], r=[0.4111, 0.3926, 0.4425, 0.3975, 0.5756, 0.3611, 0.537, 0.5399, 0.465, 0.4599, 0.3468, 0.3967]
Checkpoint: loss=0.5948, avg_acc=0.6769, avg_f1=0.4490, global_acc=0.7592, global_f1=0.6650, global_p=0.6922, global_r=0.6608, acc=[0.5172, 0.6176, 0.462, 0.7682, 0.7489, 0.625, 0.6531, 0.5915, 0.6831, 0.7003, 0.8841, 0.872], f1=[0.337, 0.5148, 0.4294, 0.4501, 0.6024, 0.4333, 0.4182, 0.5628, 0.4382, 0.4388, 0.3997, 0.363], p=[0.337, 0.743, 0.4658, 0.6281, 0.6627, 0.4444, 0.4444, 0.5757, 0.4287, 0.5168, 0.6707, 0.5429], r=[0.337, 0.5002, 0.4308, 0.4281, 0.5789, 0.4583, 0.4162, 0.5672, 0.453, 0.4451, 0.3801, 0.3603]
Checkpoint: loss=0.5839, avg_acc=0.6675, avg_f1=0.4428, global_acc=0.7670, global_f1=0.6769, global_p=0.7152, global_r=0.6700, acc=[0.56, 0.4143, 0.548, 0.7778, 0.7331, 0.5294, 0.6364, 0.605, 0.6996, 0.7224, 0.8985, 0.8858], f1=[0.4009, 0.3504, 0.4986, 0.438, 0.5692, 0.3556, 0.4032, 0.5431, 0.4684, 0.453, 0.4803, 0.3535], p=[0.5303, 0.4338, 0.5404, 0.7815, 0.6601, 0.3444, 0.381, 0.5623, 0.4582, 0.5441, 0.6582, 0.4632], r=[0.4, 0.3848, 0.5083, 0.4157, 0.543, 0.4074, 0.4365, 0.5506, 0.486, 0.4447, 0.4367, 0.3545]
Val: loss=0.6329, avg_acc=0.6502, avg_f1=0.3783, global_acc=0.7542, global_f1=0.6359, global_p=0.6834, global_r=0.6364, acc=[0.5625, 0.5208, 0.4915, 0.7708, 0.6987, 0.4545, 0.5455, 0.5747, 0.6458, 0.7633, 0.8764, 0.8983], f1=[0.4127, 0.4117, 0.3735, 0.3558, 0.4991, 0.2083, 0.2353, 0.4845, 0.3986, 0.4616, 0.3649, 0.3335], p=[0.375, 0.4354, 0.3299, 0.4803, 0.5843, 0.1515, 0.1818, 0.5648, 0.404, 0.8593, 0.4597, 0.3844], r=[0.4603, 0.4072, 0.4313, 0.368, 0.4937, 0.3333, 0.3333, 0.5102, 0.4043, 0.4526, 0.3644, 0.3414]
Test: loss=0.6175, avg_acc=0.6626, avg_f1=0.3586, global_acc=0.7651, global_f1=0.6476, global_p=0.7103, global_r=0.6462, acc=[0.5625, 0.4706, 0.5273, 0.7629, 0.7146, 0.4545, 0.625, 0.5983, 0.7148, 0.7464, 0.8885, 0.8854], f1=[0.343, 0.3355, 0.4134, 0.32, 0.4988, 0.2083, 0.2564, 0.4882, 0.4479, 0.3642, 0.314, 0.3131], p=[0.3571, 0.3267, 0.7015, 0.345, 0.5281, 0.1515, 0.2083, 0.6418, 0.4602, 0.5166, 0.299, 0.2951], r=[0.3796, 0.3712, 0.4719, 0.343, 0.5136, 0.3333, 0.3333, 0.5098, 0.4498, 0.3732, 0.3305, 0.3333]
Training Time: 1979.43s

Epoch: 4
lr_plm: 2e-05
lr_other: 0.001
Checkpoint: loss=0.5029, avg_acc=0.7320, avg_f1=0.5715, global_acc=0.8048, global_f1=0.7372, global_p=0.7573, global_r=0.7275, acc=[0.7692, 0.5077, 0.5783, 0.8658, 0.8141, 0.6, 0.7073, 0.6412, 0.7237, 0.7682, 0.8965, 0.912], f1=[0.6537, 0.4776, 0.5106, 0.5804, 0.69, 0.5707, 0.4964, 0.5964, 0.5371, 0.5825, 0.5525, 0.6096], p=[0.8131, 0.4878, 0.5566, 0.7311, 0.7201, 0.7222, 0.5037, 0.6238, 0.6183, 0.685, 0.7311, 0.8284], r=[0.5926, 0.473, 0.5082, 0.5249, 0.6679, 0.5917, 0.5056, 0.5955, 0.5348, 0.5492, 0.4966, 0.5333]
Checkpoint: loss=0.5256, avg_acc=0.7047, avg_f1=0.5284, global_acc=0.7855, global_f1=0.7302, global_p=0.7405, global_r=0.7234, acc=[0.5556, 0.4737, 0.5674, 0.8012, 0.7806, 0.8, 0.5714, 0.6364, 0.7709, 0.7216, 0.8798, 0.8982], f1=[0.5157, 0.4473, 0.5245, 0.6087, 0.6763, 0.2963, 0.4833, 0.6273, 0.5903, 0.498, 0.5101, 0.5626], p=[0.5455, 0.4626, 0.6273, 0.6775, 0.7231, 0.2667, 0.5, 0.6291, 0.6592, 0.5675, 0.5937, 0.686], r=[0.5, 0.4494, 0.5288, 0.5699, 0.6509, 0.3333, 0.4848, 0.6273, 0.5817, 0.4766, 0.4739, 0.5341]
Checkpoint: loss=0.5201, avg_acc=0.6918, avg_f1=0.4908, global_acc=0.7981, global_f1=0.7150, global_p=0.7461, global_r=0.7043, acc=[0.5185, 0.5882, 0.5775, 0.7988, 0.7961, 0.3636, 0.7179, 0.6667, 0.7252, 0.7431, 0.9186, 0.8876], f1=[0.369, 0.4554, 0.5488, 0.5327, 0.6801, 0.1905, 0.4506, 0.6098, 0.4831, 0.5324, 0.5302, 0.5067], p=[0.375, 0.6071, 0.5858, 0.6729, 0.7337, 0.1333, 0.4253, 0.6375, 0.4649, 0.6091, 0.7235, 0.7838], r=[0.3823, 0.4634, 0.5463, 0.4943, 0.6543, 0.3333, 0.4801, 0.6075, 0.5029, 0.5095, 0.4718, 0.4572]
Val: loss=0.6737, avg_acc=0.6754, avg_f1=0.4577, global_acc=0.7456, global_f1=0.6500, global_p=0.6624, global_r=0.6499, acc=[0.75, 0.5417, 0.4831, 0.7396, 0.7054, 0.5455, 0.6364, 0.6018, 0.6753, 0.702, 0.8427, 0.8817], f1=[0.5481, 0.3351, 0.4716, 0.4324, 0.5771, 0.5051, 0.4048, 0.5591, 0.4129, 0.4823, 0.3718, 0.3922], p=[0.4974, 0.3896, 0.4801, 0.6861, 0.5929, 0.6667, 0.3958, 0.5621, 0.4334, 0.5058, 0.4095, 0.4614], r=[0.6111, 0.3636, 0.4746, 0.4053, 0.5707, 0.4889, 0.4306, 0.568, 0.4184, 0.4723, 0.3646, 0.3766]
Test: loss=0.6859, avg_acc=0.6372, avg_f1=0.4464, global_acc=0.7490, global_f1=0.6559, global_p=0.6700, global_r=0.6565, acc=[0.375, 0.3824, 0.5455, 0.7526, 0.6821, 0.4545, 0.6667, 0.6154, 0.6926, 0.7464, 0.8654, 0.868], f1=[0.25, 0.1844, 0.5131, 0.5091, 0.5286, 0.4263, 0.6231, 0.5686, 0.4142, 0.499, 0.4208, 0.4195], p=[0.2348, 0.1398, 0.5152, 0.5175, 0.5221, 0.5833, 0.7262, 0.5805, 0.4441, 0.5321, 0.4318, 0.5968], r=[0.2685, 0.2708, 0.5143, 0.5244, 0.549, 0.45, 0.5762, 0.5739, 0.4188, 0.4828, 0.4318, 0.391]
Training Time: 8297.91s

Epoch: 5
lr_plm: 2e-05
lr_other: 0.001
Checkpoint: loss=0.4358, avg_acc=0.7550, avg_f1=0.6307, global_acc=0.8332, global_f1=0.7849, global_p=0.7965, global_r=0.7770, acc=[0.5417, 0.6098, 0.6441, 0.8313, 0.8348, 0.7273, 0.7436, 0.7024, 0.8058, 0.7763, 0.9251, 0.9179], f1=[0.3686, 0.5976, 0.6208, 0.6007, 0.7589, 0.6667, 0.6151, 0.6883, 0.659, 0.6434, 0.6549, 0.6948], p=[0.3772, 0.6363, 0.6414, 0.6885, 0.7788, 0.7778, 0.8227, 0.6887, 0.7481, 0.7147, 0.8186, 0.7676], r=[0.3778, 0.5877, 0.6139, 0.5651, 0.7446, 0.7222, 0.5919, 0.6895, 0.641, 0.6072, 0.583, 0.6461]
Checkpoint: loss=0.4311, avg_acc=0.7715, avg_f1=0.6693, global_acc=0.8307, global_f1=0.7758, global_p=0.7880, global_r=0.7676, acc=[0.7857, 0.5143, 0.7317, 0.8267, 0.8464, 0.6111, 0.875, 0.7131, 0.7816, 0.7413, 0.9184, 0.9133], f1=[0.7467, 0.5018, 0.7212, 0.6495, 0.7536, 0.5639, 0.8634, 0.6828, 0.6694, 0.5615, 0.6818, 0.6361], p=[0.7593, 0.5154, 0.7721, 0.7154, 0.7711, 0.7381, 0.875, 0.697, 0.6965, 0.6014, 0.7573, 0.8104], r=[0.825, 0.4978, 0.7027, 0.6125, 0.7387, 0.5694, 0.8556, 0.6835, 0.6567, 0.5416, 0.6374, 0.5674]
Checkpoint: loss=0.4432, avg_acc=0.7724, avg_f1=0.6560, global_acc=0.8252, global_f1=0.7714, global_p=0.7848, global_r=0.7625, acc=[0.7143, 0.4737, 0.6474, 0.8834, 0.8296, 0.8824, 0.7778, 0.6739, 0.7793, 0.787, 0.9129, 0.9073], f1=[0.6536, 0.4062, 0.6255, 0.7336, 0.7284, 0.8864, 0.6685, 0.647, 0.6358, 0.6052, 0.6183, 0.6641], p=[0.8022, 0.4211, 0.6261, 0.8599, 0.7674, 0.8864, 0.6685, 0.6634, 0.7037, 0.6713, 0.7128, 0.7717], r=[0.6175, 0.4097, 0.6256, 0.6677, 0.7038, 0.8864, 0.6685, 0.6386, 0.6127, 0.5703, 0.5666, 0.6082]
Val: loss=0.7092, avg_acc=0.6650, avg_f1=0.4366, global_acc=0.7441, global_f1=0.6432, global_p=0.6703, global_r=0.6390, acc=[0.625, 0.5417, 0.5085, 0.7604, 0.6964, 0.4545, 0.7273, 0.543, 0.6531, 0.7306, 0.867, 0.8725], f1=[0.4603, 0.3958, 0.4639, 0.4421, 0.4824, 0.3238, 0.4904, 0.4922, 0.4616, 0.4618, 0.3845, 0.38], p=[0.4233, 0.4323, 0.4787, 0.7259, 0.5586, 0.3148, 0.4702, 0.5206, 0.4706, 0.5757, 0.461, 0.4001], r=[0.5159, 0.4062, 0.47, 0.4144, 0.4659, 0.3778, 0.5139, 0.4951, 0.4569, 0.4416, 0.376, 0.3798]
Test: loss=0.6986, avg_acc=0.6558, avg_f1=0.4327, global_acc=0.7703, global_f1=0.6786, global_p=0.7115, global_r=0.6689, acc=[0.4375, 0.3824, 0.6, 0.7732, 0.7216, 0.3636, 0.75, 0.6111, 0.7074, 0.7393, 0.8865, 0.8971], f1=[0.3206, 0.2811, 0.5232, 0.4662, 0.5033, 0.1905, 0.4778, 0.5525, 0.5643, 0.4286, 0.3691, 0.5152], p=[0.3222, 0.2967, 0.5797, 0.5113, 0.5545, 0.1481, 0.5714, 0.6045, 0.5966, 0.4693, 0.4494, 0.6149], r=[0.3981, 0.3071, 0.5428, 0.4544, 0.483, 0.2667, 0.4762, 0.5464, 0.5448, 0.4216, 0.3664, 0.488]
Training Time: 2160.19s

Epoch: 6
lr_plm: 2e-05
lr_other: 0.001
Checkpoint: loss=0.3332, avg_acc=0.8278, avg_f1=0.7521, global_acc=0.8752, global_f1=0.8335, global_p=0.8437, global_r=0.8255, acc=[0.8966, 0.5469, 0.7633, 0.8824, 0.8695, 0.7222, 0.8974, 0.7955, 0.8568, 0.8293, 0.9313, 0.9424], f1=[0.8217, 0.5556, 0.7512, 0.7968, 0.7968, 0.6424, 0.9221, 0.7821, 0.7617, 0.6716, 0.7254, 0.7973], p=[0.9167, 0.5556, 0.7564, 0.8631, 0.8109, 0.6758, 0.9221, 0.7869, 0.7768, 0.7027, 0.7685, 0.8272], r=[0.7963, 0.5556, 0.7473, 0.7569, 0.7852, 0.6296, 0.9221, 0.7803, 0.7512, 0.6485, 0.6946, 0.776]
Checkpoint: loss=0.3633, avg_acc=0.8032, avg_f1=0.7299, global_acc=0.8643, global_f1=0.8268, global_p=0.8357, global_r=0.8196, acc=[0.625, 0.5254, 0.7725, 0.8848, 0.883, 0.8, 0.8824, 0.7622, 0.8514, 0.7925, 0.9244, 0.9349], f1=[0.5951, 0.475, 0.7608, 0.8276, 0.8138, 0.85, 0.854, 0.7483, 0.7481, 0.677, 0.6646, 0.7445], p=[0.6405, 0.4895, 0.7843, 0.8617, 0.8341, 0.8889, 0.8238, 0.7525, 0.802, 0.735, 0.7263, 0.8019], r=[0.5766, 0.4733, 0.7489, 0.7988, 0.7983, 0.8667, 0.9076, 0.7448, 0.7232, 0.6432, 0.6225, 0.7044]
Checkpoint: loss=0.3736, avg_acc=0.7814, avg_f1=0.6826, global_acc=0.8587, global_f1=0.8188, global_p=0.8246, global_r=0.8138, acc=[0.6316, 0.5, 0.7688, 0.8696, 0.8741, 0.7222, 0.7714, 0.7197, 0.843, 0.8186, 0.9352, 0.9229], f1=[0.6349, 0.4516, 0.7556, 0.7358, 0.8153, 0.6631, 0.5293, 0.6948, 0.7379, 0.6902, 0.7419, 0.741], p=[0.5905, 0.4957, 0.7868, 0.7725, 0.8292, 0.6758, 0.5152, 0.7094, 0.8113, 0.7529, 0.8191, 0.7865], r=[0.7359, 0.4571, 0.7505, 0.7077, 0.803, 0.6556, 0.5583, 0.6873, 0.7122, 0.6549, 0.6889, 0.7064]
Val: loss=0.8088, avg_acc=0.6790, avg_f1=0.4733, global_acc=0.7472, global_f1=0.6530, global_p=0.6697, global_r=0.6499, acc=[0.6875, 0.5417, 0.5169, 0.7604, 0.6897, 0.5455, 0.6818, 0.5973, 0.6679, 0.7347, 0.8483, 0.8762], f1=[0.5048, 0.3982, 0.5075, 0.4421, 0.5205, 0.3889, 0.6101, 0.5645, 0.4625, 0.5278, 0.3705, 0.3825], p=[0.4583, 0.4259, 0.5109, 0.7259, 0.5654, 0.5, 0.7778, 0.5746, 0.4685, 0.5694, 0.394, 0.4149], r=[0.5635, 0.4062, 0.5081, 0.4144, 0.5034, 0.4444, 0.5833, 0.5646, 0.4597, 0.5125, 0.3667, 0.3746]
Test: loss=0.7947, avg_acc=0.6484, avg_f1=0.4545, global_acc=0.7675, global_f1=0.6730, global_p=0.6982, global_r=0.6680, acc=[0.3125, 0.4412, 0.6182, 0.7629, 0.7169, 0.4545, 0.625, 0.6282, 0.7185, 0.7429, 0.8731, 0.8874], f1=[0.2286, 0.3407, 0.5921, 0.5521, 0.5257, 0.4263, 0.2564, 0.5648, 0.581, 0.4901, 0.4343, 0.4618], p=[0.2242, 0.4828, 0.6102, 0.6039, 0.5458, 0.5833, 0.2083, 0.5994, 0.581, 0.5264, 0.4629, 0.5709], r=[0.3241, 0.3661, 0.591, 0.5289, 0.5178, 0.45, 0.3333, 0.5719, 0.5956, 0.475, 0.4276, 0.4306]
Training Time: 2191.00s

Epoch: 7
lr_plm: 2e-05
lr_other: 0.001
Checkpoint: loss=0.2699, avg_acc=0.8689, avg_f1=0.7923, global_acc=0.8963, global_f1=0.8636, global_p=0.8688, global_r=0.8591, acc=[0.84, 0.7013, 0.8161, 0.9385, 0.9083, 0.9333, 0.8649, 0.8062, 0.8762, 0.8515, 0.9404, 0.9496], f1=[0.5487, 0.6869, 0.8187, 0.8961, 0.8582, 0.9137, 0.7881, 0.7995, 0.8099, 0.7664, 0.7906, 0.8305], p=[0.537, 0.7091, 0.8363, 0.9169, 0.8687, 0.963, 0.8875, 0.7983, 0.8493, 0.7823, 0.8193, 0.8679], r=[0.5649, 0.6864, 0.8073, 0.8882, 0.8483, 0.8889, 0.7454, 0.8015, 0.7878, 0.7531, 0.7675, 0.7987]
Checkpoint: loss=0.2795, avg_acc=0.8133, avg_f1=0.7507, global_acc=0.8938, global_f1=0.8630, global_p=0.8654, global_r=0.8607, acc=[0.6071, 0.5556, 0.8144, 0.8581, 0.9014, 0.6667, 0.8857, 0.8238, 0.9104, 0.8515, 0.9456, 0.9398], f1=[0.5227, 0.5474, 0.798, 0.775, 0.8494, 0.6508, 0.8618, 0.8145, 0.8611, 0.7355, 0.7648, 0.8273], p=[0.5245, 0.5717, 0.8038, 0.775, 0.8614, 0.7381, 0.8363, 0.8169, 0.8777, 0.7729, 0.8172, 0.847], r=[0.5222, 0.559, 0.7943, 0.7796, 0.8387, 0.627, 0.9179, 0.8124, 0.8477, 0.7085, 0.7241, 0.8093]
Checkpoint: loss=0.3087, avg_acc=0.8230, avg_f1=0.7468, global_acc=0.8840, global_f1=0.8514, global_p=0.8615, global_r=0.8433, acc=[0.8148, 0.6377, 0.7853, 0.8553, 0.9012, 0.6316, 0.8611, 0.8006, 0.8649, 0.8445, 0.9249, 0.9539], f1=[0.8153, 0.5883, 0.7626, 0.7083, 0.8588, 0.6204, 0.7741, 0.791, 0.7607, 0.7541, 0.7212, 0.8064], p=[0.8739, 0.593, 0.7879, 0.7384, 0.8697, 0.735, 0.7244, 0.7927, 0.7865, 0.8249, 0.7621, 0.8405], r=[0.7817, 0.5856, 0.7554, 0.691, 0.8489, 0.6028, 0.8796, 0.7901, 0.7456, 0.7114, 0.6955, 0.78]
Val: loss=0.8578, avg_acc=0.6966, avg_f1=0.4854, global_acc=0.7487, global_f1=0.6619, global_p=0.6701, global_r=0.6594, acc=[0.6875, 0.5208, 0.4915, 0.75, 0.692, 0.7273, 0.7727, 0.5882, 0.6679, 0.7184, 0.8558, 0.8872], f1=[0.5017, 0.2924, 0.4791, 0.4767, 0.5239, 0.7313, 0.5321, 0.5675, 0.4281, 0.5182, 0.3754, 0.3979], p=[0.4788, 0.2937, 0.5105, 0.7294, 0.5643, 0.7778, 0.5119, 0.5741, 0.4254, 0.5527, 0.4146, 0.5527], r=[0.5556, 0.3352, 0.4813, 0.4399, 0.5081, 0.7111, 0.5556, 0.5639, 0.4331, 0.5007, 0.3696, 0.3815]
Test: loss=0.8274, avg_acc=0.6496, avg_f1=0.4557, global_acc=0.7569, global_f1=0.6710, global_p=0.6777, global_r=0.6696, acc=[0.5, 0.4412, 0.6182, 0.7526, 0.6937, 0.4545, 0.5417, 0.6368, 0.6852, 0.7143, 0.8788, 0.8777], f1=[0.3232, 0.2819, 0.5746, 0.5207, 0.5119, 0.4263, 0.5065, 0.6004, 0.4308, 0.4694, 0.3975, 0.4255], p=[0.3462, 0.4839, 0.5951, 0.7202, 0.5144, 0.4444, 0.5167, 0.6104, 0.4334, 0.4905, 0.4464, 0.6581], r=[0.3426, 0.3393, 0.5716, 0.4737, 0.5121, 0.45, 0.5095, 0.5975, 0.4344, 0.4622, 0.3846, 0.3946]
Training Time: 2214.47s

Epoch: 8
lr_plm: 2e-05
lr_other: 0.001
Checkpoint: loss=0.2033, avg_acc=0.8958, avg_f1=0.8546, global_acc=0.9233, global_f1=0.9012, global_p=0.9013, global_r=0.9010, acc=[0.871, 0.7273, 0.8587, 0.9423, 0.943, 0.9375, 0.9167, 0.837, 0.8972, 0.8978, 0.9583, 0.9623], f1=[0.8396, 0.6937, 0.856, 0.9218, 0.9168, 0.8667, 0.9239, 0.8272, 0.8281, 0.8524, 0.8586, 0.8709], p=[0.8037, 0.7369, 0.8594, 0.9267, 0.9183, 0.8889, 0.9337, 0.8281, 0.8721, 0.8731, 0.8841, 0.8906], r=[0.8982, 0.6747, 0.8535, 0.9173, 0.9156, 0.8889, 0.9145, 0.8271, 0.8053, 0.8344, 0.8375, 0.8551]
Checkpoint: loss=0.2281, avg_acc=0.8850, avg_f1=0.8381, global_acc=0.9137, global_f1=0.8929, global_p=0.8962, global_r=0.8900, acc=[1.0, 0.7436, 0.8306, 0.9017, 0.9246, 0.7143, 0.9512, 0.8708, 0.9283, 0.8629, 0.953, 0.9388], f1=[1.0, 0.731, 0.8152, 0.8578, 0.8838, 0.7103, 0.9302, 0.8639, 0.8391, 0.7844, 0.8255, 0.8161], p=[1.0, 0.7429, 0.8244, 0.8984, 0.8904, 0.7917, 0.9605, 0.8641, 0.8886, 0.7891, 0.8379, 0.8347], r=[1.0, 0.7325, 0.8086, 0.8295, 0.8779, 0.6944, 0.9077, 0.8639, 0.8121, 0.7805, 0.8221, 0.7994]
Checkpoint: loss=0.2293, avg_acc=0.8837, avg_f1=0.8381, global_acc=0.9138, global_f1=0.8878, global_p=0.8913, global_r=0.8846, acc=[0.8621, 0.6462, 0.8659, 0.9, 0.9195, 0.9375, 0.9355, 0.8622, 0.9153, 0.8369, 0.9597, 0.9635], f1=[0.7427, 0.6488, 0.868, 0.8509, 0.8844, 0.9267, 0.9463, 0.858, 0.8653, 0.7405, 0.8552, 0.8704], p=[0.9083, 0.6815, 0.8737, 0.8529, 0.8926, 0.9167, 0.9463, 0.8581, 0.8778, 0.761, 0.9099, 0.8837], r=[0.7315, 0.6387, 0.8645, 0.8518, 0.8768, 0.9524, 0.9463, 0.8579, 0.8546, 0.7236, 0.8112, 0.8646]
Val: loss=1.1058, avg_acc=0.6816, avg_f1=0.4575, global_acc=0.7437, global_f1=0.6265, global_p=0.6586, global_r=0.6287, acc=[0.75, 0.5, 0.4915, 0.7708, 0.7076, 0.5455, 0.7727, 0.5475, 0.6273, 0.7265, 0.8539, 0.8854], f1=[0.5523, 0.4191, 0.4515, 0.4473, 0.52, 0.4274, 0.5321, 0.4732, 0.4346, 0.4918, 0.3713, 0.3697], p=[0.5111, 0.4222, 0.482, 0.7601, 0.5981, 0.3889, 0.5119, 0.4887, 0.4522, 0.5384, 0.3864, 0.4467], r=[0.6111, 0.4241, 0.4534, 0.419, 0.4996, 0.4889, 0.5556, 0.4943, 0.4427, 0.4815, 0.371, 0.362]
Test: loss=1.0918, avg_acc=0.6745, avg_f1=0.4712, global_acc=0.7644, global_f1=0.6575, global_p=0.6931, global_r=0.6557, acc=[0.5625, 0.3235, 0.5545, 0.7732, 0.7193, 0.6364, 0.7083, 0.641, 0.6852, 0.7179, 0.8808, 0.8913], f1=[0.343, 0.2783, 0.5388, 0.5371, 0.5109, 0.5996, 0.4803, 0.5707, 0.4734, 0.4803, 0.4229, 0.4195], p=[0.3571, 0.2713, 0.6164, 0.6215, 0.5347, 0.6111, 0.4583, 0.6384, 0.4972, 0.5026, 0.4894, 0.5212], r=[0.3796, 0.2922, 0.5409, 0.5193, 0.5079, 0.6, 0.5048, 0.5744, 0.4736, 0.47, 0.4304, 0.4001]
Training Time: 2063.17s

Epoch: 9
lr_plm: 2e-05
lr_other: 0.001
Checkpoint: loss=0.1658, avg_acc=0.9032, avg_f1=0.8450, global_acc=0.9408, global_f1=0.9254, global_p=0.9254, global_r=0.9253, acc=[0.9, 0.76, 0.8962, 0.9286, 0.9633, 0.8636, 0.8537, 0.8773, 0.9233, 0.9288, 0.9642, 0.9796], f1=[0.6202, 0.7667, 0.8923, 0.8879, 0.9459, 0.809, 0.7598, 0.8724, 0.8834, 0.8784, 0.8814, 0.9427], p=[0.6018, 0.7667, 0.8917, 0.8812, 0.9476, 0.9412, 0.7798, 0.8755, 0.9041, 0.8969, 0.8907, 0.9536], r=[0.641, 0.7712, 0.8931, 0.8957, 0.9441, 0.75, 0.7511, 0.8706, 0.8692, 0.8617, 0.8729, 0.9328]
Checkpoint: loss=0.1668, avg_acc=0.9155, avg_f1=0.8835, global_acc=0.9375, global_f1=0.9196, global_p=0.9205, global_r=0.9188, acc=[0.8846, 0.7344, 0.8889, 0.9299, 0.9585, 1.0, 0.9444, 0.8922, 0.9463, 0.8706, 0.9584, 0.9779], f1=[0.8309, 0.7218, 0.8789, 0.8931, 0.9396, 1.0, 0.9571, 0.8857, 0.915, 0.8034, 0.8463, 0.9306], p=[0.9167, 0.7341, 0.8828, 0.8905, 0.9405, 1.0, 0.9571, 0.8867, 0.9132, 0.8199, 0.8991, 0.9303], r=[0.803, 0.721, 0.8757, 0.9028, 0.9387, 1.0, 0.9571, 0.8851, 0.9171, 0.794, 0.8044, 0.9311]
Checkpoint: loss=0.1829, avg_acc=0.9016, avg_f1=0.8729, global_acc=0.9346, global_f1=0.9168, global_p=0.9170, global_r=0.9167, acc=[0.9583, 0.7571, 0.8531, 0.9405, 0.9379, 0.8, 0.9032, 0.8814, 0.96, 0.8971, 0.961, 0.9692], f1=[0.9534, 0.7583, 0.8392, 0.8828, 0.9128, 0.7746, 0.923, 0.8789, 0.9433, 0.8361, 0.8673, 0.905], p=[0.9815, 0.7641, 0.8515, 0.9381, 0.9167, 0.7667, 0.9167, 0.8815, 0.9584, 0.862, 0.8709, 0.9047], r=[0.9333, 0.7553, 0.8321, 0.8387, 0.9091, 0.85, 0.9312, 0.8766, 0.93, 0.8154, 0.864, 0.907]
Val: loss=1.2562, avg_acc=0.6321, avg_f1=0.4251, global_acc=0.7254, global_f1=0.6213, global_p=0.6532, global_r=0.6178, acc=[0.5625, 0.4167, 0.4915, 0.7604, 0.6897, 0.3636, 0.7273, 0.5566, 0.631, 0.6857, 0.8596, 0.841], f1=[0.4135, 0.3659, 0.463, 0.456, 0.5312, 0.1778, 0.4762, 0.5164, 0.4618, 0.4458, 0.3699, 0.4239], p=[0.3889, 0.4097, 0.4937, 0.5947, 0.5748, 0.1333, 0.4722, 0.5495, 0.4985, 0.4881, 0.4379, 0.4421], r=[0.4683, 0.4201, 0.4661, 0.4294, 0.5127, 0.2667, 0.5, 0.513, 0.528, 0.4313, 0.3645, 0.4444]
Test: loss=1.1940, avg_acc=0.6544, avg_f1=0.4538, global_acc=0.7372, global_f1=0.6301, global_p=0.6573, global_r=0.6263, acc=[0.4375, 0.4118, 0.5545, 0.7113, 0.6914, 0.7273, 0.6667, 0.6068, 0.6259, 0.6821, 0.8788, 0.8583], f1=[0.3206, 0.3351, 0.5325, 0.4538, 0.5043, 0.6667, 0.3926, 0.5429, 0.4685, 0.4073, 0.351, 0.4702], p=[0.3222, 0.3185, 0.5973, 0.473, 0.5023, 0.7381, 0.4444, 0.5992, 0.4892, 0.4231, 0.3542, 0.4629], r=[0.3981, 0.4256, 0.5446, 0.4419, 0.5138, 0.6667, 0.4063, 0.5392, 0.5485, 0.4034, 0.3565, 0.5057]
Training Time: 2164.23s

Epoch: 10
lr_plm: 2e-05
lr_other: 0.001
Checkpoint: loss=0.1355, avg_acc=0.9180, avg_f1=0.8618, global_acc=0.9498, global_f1=0.9347, global_p=0.9365, global_r=0.9329, acc=[0.85, 0.7922, 0.9613, 0.9464, 0.9543, 0.8421, 0.9459, 0.915, 0.9611, 0.8975, 0.9627, 0.9871], f1=[0.7611, 0.8003, 0.9632, 0.9138, 0.9326, 0.8437, 0.627, 0.9088, 0.935, 0.8349, 0.8587, 0.9621], p=[0.7593, 0.8124, 0.9675, 0.9563, 0.937, 0.8667, 0.621, 0.9094, 0.9343, 0.8307, 0.8775, 0.961], r=[0.7667, 0.7913, 0.9599, 0.8784, 0.9284, 0.8296, 0.6333, 0.9093, 0.9356, 0.8393, 0.8428, 0.9635]
Checkpoint: loss=0.1334, avg_acc=0.9403, avg_f1=0.9140, global_acc=0.9507, global_f1=0.9353, global_p=0.9358, global_r=0.9348, acc=[0.9697, 0.806, 0.9191, 0.9217, 0.9624, 1.0, 0.973, 0.9134, 0.9502, 0.9225, 0.9553, 0.9899], f1=[0.9226, 0.7985, 0.9134, 0.9056, 0.9446, 1.0, 0.9767, 0.9078, 0.9079, 0.8816, 0.8512, 0.9588], p=[0.9792, 0.7997, 0.9227, 0.8844, 0.9512, 1.0, 0.9855, 0.9068, 0.9113, 0.8917, 0.8648, 0.9655], r=[0.8889, 0.7981, 0.9067, 0.9295, 0.9385, 1.0, 0.9697, 0.9087, 0.9047, 0.8728, 0.8385, 0.9523]
Checkpoint: loss=0.1550, avg_acc=0.8969, avg_f1=0.8494, global_acc=0.9421, global_f1=0.9275, global_p=0.9288, global_r=0.9264, acc=[0.8889, 0.7385, 0.887, 0.931, 0.9515, 0.8667, 0.7941, 0.8997, 0.9448, 0.915, 0.9703, 0.9756], f1=[0.789, 0.7233, 0.8817, 0.825, 0.9267, 0.8554, 0.6857, 0.9009, 0.911, 0.8786, 0.8891, 0.9268], p=[0.8047, 0.7286, 0.8818, 0.8573, 0.9242, 0.8968, 0.6671, 0.9013, 0.9262, 0.8871, 0.8805, 0.9252], r=[0.7778, 0.7195, 0.8816, 0.8029, 0.9294, 0.8413, 0.7222, 0.9005, 0.8983, 0.8707, 0.9097, 0.9288]
Val: loss=1.1883, avg_acc=0.6679, avg_f1=0.4930, global_acc=0.7359, global_f1=0.6406, global_p=0.6566, global_r=0.6382, acc=[0.6875, 0.3542, 0.4831, 0.7604, 0.6763, 0.5455, 0.8636, 0.5882, 0.6421, 0.6694, 0.8727, 0.8725], f1=[0.5017, 0.3455, 0.4589, 0.5104, 0.5164, 0.539, 0.7966, 0.5438, 0.4556, 0.4721, 0.3971, 0.3795], p=[0.4788, 0.3622, 0.4772, 0.7058, 0.5472, 0.6667, 0.9048, 0.5726, 0.4678, 0.4737, 0.5569, 0.408], r=[0.5556, 0.3377, 0.4605, 0.4654, 0.5194, 0.5333, 0.75, 0.5443, 0.4658, 0.4739, 0.3825, 0.3732]
Test: loss=1.1577, avg_acc=0.6557, avg_f1=0.4642, global_acc=0.7522, global_f1=0.6595, global_p=0.6718, global_r=0.6572, acc=[0.4375, 0.3529, 0.5727, 0.7732, 0.7053, 0.6364, 0.6667, 0.6282, 0.663, 0.6607, 0.8904, 0.8816], f1=[0.2029, 0.3137, 0.5474, 0.605, 0.5264, 0.598, 0.4148, 0.5834, 0.5017, 0.4247, 0.4142, 0.4376], p=[0.1667, 0.3278, 0.5626, 0.7373, 0.5325, 0.6667, 0.5667, 0.6079, 0.5022, 0.4222, 0.4118, 0.5121], r=[0.2593, 0.3147, 0.5439, 0.5474, 0.5378, 0.6, 0.4063, 0.5765, 0.5227, 0.4283, 0.42, 0.4176]
Training Time: 2119.13s

Report: best_epoch=7
avg_acc=0.6496, avg_f1=0.4557, global_acc=0.7569, global_f1=0.6710, global_p=0.6777, global_r=0.6696, avg_p=0.5216, avg_r=0.4560, acc=[0.5, 0.4412, 0.6182, 0.7526, 0.6937, 0.4545, 0.5417, 0.6368, 0.6852, 0.7143, 0.8788, 0.8777], f1=[0.3232, 0.2819, 0.5746, 0.5207, 0.5119, 0.4263, 0.5065, 0.6004, 0.4308, 0.4694, 0.3975, 0.4255], p=[0.3462, 0.4839, 0.5951, 0.7202, 0.5144, 0.4444, 0.5167, 0.6104, 0.4334, 0.4905, 0.4464, 0.6581], r=[0.3426, 0.3393, 0.5716, 0.4737, 0.5121, 0.45, 0.5095, 0.5975, 0.4344, 0.4622, 0.3846, 0.3946]
